04855970
7906628087
57
1250744443205
65157215030628390390
34782300692039178976
8121315693925974764355514
824097182392565972843389
97593881251508113601367156550
340
6851
301763130036100266980968236
973601
013936111465767689217734086017397
657587912579811917022254329210172
2141079425671685882681
1418671158588357712
895005402537481658
4238494780553505382029858636540
2389680220169102
5467156014
129761282
645511799503794756071378
302429457271707170741703294
79584
4658201122080540909800985727825039
9762176573680059992811805780
989431171682980874190701
7393855788408238013076931
174232435852198104
5388154
5910124170142
81313298475839
562264508
912686466560
69991248919918462589691
38712771049506822330705174
723880
4063084204
191864377259
17
1797865593111013844
639
295622
907916540
15402635308675463490
579360375841
70289854402854641513312094186470
167681705
3916135734230231080148798994649813
92703985216496
52916849537
259066868
0461390
85
2837531441747557676176800098111
35408
87340200411156943
0688576415480
8046
1266417
211115713
18608300156289814684295
3194060831804507942101527
808663087071311825103012637
61013414
468457883
0137939157076942291395398445980462
452573337206427782285140362
037026855
460893133594035407948473932983368
43490445467238744776078734
2117300905729
76959161598902
030094801238278459
9399460379576796794054247315438066
65835997478529087
36585539548955859746248710667
71553304842252274360223107
16885983328
409441960602983083933882781
27748536967591951
742257324982
85029725261835346445250789672017
3698926796612561521
794
7693007721803010874375
65165324815162773764175498407
59985235221
808985750135212247199040
74306509754338296771840108534230
73104122419105860480306939655
467538146850877161952293725457
2821238692
6301677890141756173384024220904768
60921247116137
2415526475794817052276
2836747633079534
2784153230851251108595360414
567400918588095791774442
8798393178711023
085175064237310154497916
93031565064710544720266051517
13444708109238350611713668
7243517849942249989011830684726
60932562169184241
066353
59367427578093677608612
195075751040048073312
7870417129009397700540485
12672125
04383179652
682251759105884
90377
5886103995346356739293
271756269343059678116889380
49
8696222500475976109292821020055
8400600700527723258702514996888279
1995407354390501888898
6419173400321
3406888878067634
23262019203185039934595740768758
41698135917681719430033
1538
319293554575441473759
6945368019498
82183840803722298928907327134399
21
241511718372107377
6788234354029006152742888073112
188995815
387959062149
0712313411643590950345431
05808206414820971508709
830143663
86834421440301980
537923
96
956748022542005267748
43810131193823112891889
6041787720
8155369517201674837
16199867672698200890767471
055977
48318782
8941416685166971
6927540577711050708536530
5117733300923852
352729145756258
79144309739720529
49145
9724888268860722914757
9838309978
141502878041221108460768726148
7679742414391993382980719
600604
57171756
54789205652509889
0471027907483736821625290606
212810985270367902
148789306224755794513588
841336314160307775615424439
9184548670466703422242349318205
807319933551640487827147
0278308582406614429125450542212
15214450967480740096098600
2722854939
7393317898
27822415294988512460541258708991
574796052639175526931713201006
680889795554096835182857390153
4219717758390161621881
546310299405368929264861748
70250802074779986724767
246577240399546951621043
8423182274
186347750520912
5306008154733622548280386122325048
6524459740284358078312691
5747022
086388368736630023607694267
19730383009696784170001
6846345095794322646577
13662593206229429544858619264387
724858521400069620074134
207308384374994840956311300645125
782280305979009139545144
760756872945866332520461152258
0627137
0325699920153895607014741461
194638547161117605755874977
62463708669376880366691961429271
3192
46956320092067358833137272456
2163020
30366214181299660650275845
59888642899051195529
541293876612
36742780447332
74443883800372783
8785944120767031670
0861
496050444115183069186
49268937588665947588509
97168
2060054700229656395524
8308733016778792316403504969
39127334013113648433775360365
795181431216
49597005936347029018599
8360485
951275105890281907328721
920649604834225831125612472469887
67271
9020
7852218338882545535089502971859310
25913117929987
27317378
898590068126304622
42029547779
08
953874434
0846726733282781279072
5328774
1864404765829659796805506599801814
3006788
3840809671842301791598751637191636
502630
108040172982556777381901
9806859012817280
34905204766646351205
42
36474
80832025135212060583666805095
926475766487948819226160897974
25928120180678161
201896997246037145594395121
5134005628513989656279052
28918276477356706714
821642286409190405161
838424044758186950409903350
64047606269
3264
099016089615754645547522451
148452994373691014813357267
186068
03598452194419
1662121367383467709280149925904
80367089954722643741
8265266269
0629666
82227172960438560749836
949046499494419215338802448
942
510562573445683441
2487431113713663
247999034163448839762
3238931
4958
6232275171466606
927793827395722670950548841172303
49391911
7011860917101301
907625020866046689855919244148
76296146520989233348952007806580
48641839751544325865
89673706826460012
8477605357391958175063555205209213
15252768143
8107004902
4301
599103
3628297136075259169755254549270288
529595071212753386665
6938538036
743998222003866948466077510351559
8159
945333112
3260052
1386568850
9236729
152125847048252203
410
014783752265
020061703212
67876933568202
38254384565
4970188060175406231510299815454
644970196560795
07211725268213874
278595058210
182510197757669046882865126
183
4815521
758593
93332214410077242243249776243
253268687874817
4837909404100672
74793195636379945650474630891
71964478047711150538
13088052627614230793
86754863729426921913
60318337709085745180025085416401
7441616619283306399289074148476727
25352
43986504149769944561
5415574156097565
361800507212443381850851
58169760672601913579925
833382288685676301181
812115748724660602199036
89976496959673691373078244804
9040
29171752326427008311202845474
94279109390719320498
96728563045321210799227843930954
2856165
13
755231097020627125450316
857238845568012392633712
24302300904254123233
79074083105732758353
24222625006237840549818171983855
3179291119164476606
02837594048435535086118772308
01873115
73916590638250788605510486620491
310535
9142027507434
71764854434615211809751825
5338339348
65325123687832200
29226118102224
91
8774463631
566000448942652329
090285322
0981628384375
86455895953983
09750896
8720
967925005071210
1294728215146
8199651462734292968693226478
891897985577914771176196
3285733703583528
875916784623868629
604481734040758159270428190
4009463055878907313560516217336959
1292947408472485508219756
2461035365843329132784337236566802
5085523288243094838
634397
52146475807957400
39410002728689703461533788341623
3622
501166535165668205719022984065044
126561098440685236284252581461
049222766626329
325
7870245080987
68512
847270378
2781581358668099928115259738908
174
8610328104054
366261546534203773471905984
989549743
5623760847581302192232087
293658764607865
7853652471
6919974366901710
39763606450693820
25993817515306442577
1955093668939
428931772047062076249721
72327873308159939975091015686
05161975603420894332959
30945193886575717378758
4782335
01664397759944060670889231948214
082823568995890552852054712402749
635761137335
676535224381944605551225283
473124884150292503830488
0502
896026734
36430695648275828033454
02483478232423196315713451
636867583443
399347229034341649477
293
312458774521946
71872889754898057940
9333346
92434956
035461824
494673419533805974515
4542917699079078
682
7235111059911555142169270181
078670412487781973131
94746
035440178279438488253
100431832382808999110942737658
1720501942778814844994335091104932
968389569727760547630672798
5705161583116
599839252617809088167570462268
28412599
271496351073107114978207881282836
61511092684880926
425806912565027237826
636071464307600943936075469
19
6470500
2194138
4318375024091868591183
592107728718564
9793104503009551351783043237
0907312256287220767984500000
25949307179231605
34504659613
37343
855370412059361888957597319
26364088642770265925
7131644
5724947178
272991167003309579486
18737533
0245883789623
1013498437981130426126985866754576
27351179637149134940413115
474455422493180
13382
9801897
988192538736035005485953484752
863064627492419
130443254162921499015013158385
15634831077178716490351196
173441395653653
39610337416829737500738739
8607318979848125924523152
697647470427298842
21634702147581
0668255090199806661881697067871
576924313424065211
93427432562383421649061086
07731463245333845496584273240340
34233589407062
80944294841473954464790724097
532166660957386516276497128
543500050325266264077450550381
8495431075875433519747417250421256
574735993486357700
81928602822075311201953196786
0577591
729947213605
26156427409162456961607
80537255123646620005937
965349371251
9265254788522064808817056723337
95775111515285201
38
1627609798929114246
082890145622356160717
73733401837365
1288072040541389631
9712638038
45934293644
31452042338655846253506236574
32846019895
85716736
957811459480322
10592869975951513
7940097043405272859950882878
8089220403908474913131145635100743
24438
47296095798912
3671369473685143791544271948
4002441410885
480110587
6869850736963557645
54182620082599
156995235513784112752924008
3982365620087
13770
02426272
6245753
3250190200342277727848919594242428
327337824589710488
93668749828559999550710341608904
37799937768799485487338291768
28310
2191391301901519511
241
8691223132508143651
83252489319726708679828090352
426356541350617327226914875593535
606299380577877
4042
2973568347804199158176408
8516270257949093003845861
56756756224576998416
7398218043736217910250835186453119
49445114256199533
359880215718056245999872817007
08383859373375934559
1366469
98416165432757
15878383718559681349
275198929028680261914850264253462
583655631736409938053636458794
231527677831
681591145722200768057543243507328
6705479444972792539985
39822286714
24047493297193694147522390923
94112896147497845176352138653
1953692864
1980746402204995
828626639
0135970426555079289243553
539446887620197155653098592100004
574374029
24509400304350100009298349699781
01767695406259905348562620436
5422338352503682414224246645
786653428709262119513297599468328
28385435336
06261579885771324924893449665
704587
78295325372807347
84603192172277322094910578633
94573564475517253203560583
13214393354417464
82121010090555464470281634617038
9073751032927498761
497546242333
0209730409712797044422441298
403257484168219
08165137242936525372443
160074094757643005
078023611749835303
810263255314
26825279738463625740483
3981440734992134639
83
044663286349269749842
86152873780059498087249644749021
0929954227646609071282926
2987962143608871518181366106
29381756236611103129
35124178745349
7550211862861000130803519829441
7632330437461779584870
53169223520221251759844846373353
10682481966970561450027
25652460167681697942192707124
7860140206857565110248083308821
9776739591
13782276049221716679029727750520
04
50192792173906
7244835143064335539968
3927
676770871
84355550306949920951394991267857
7876695928136537673
26
9806171322698877011557351
37713572443321572927157
618883415066422
188679594374810935893225
964307028343533232332515213557056
3774956
2656728501201638628749141
51736994
961865
7631769540428
6132919546843378510705124633084
42773484990886683151466
27
900
834569511926282115
819615057239
58452761779723345090
8030348620375504672593601
02
50305386643571906160
20690415659062010833
9489634
2491109353239190051814657
6245825653696007734192
89
2562338107206584609664639584366106
75124
63554875787
717205828772855700416323908
04377100073838509407000096421804
29843
6817350829186125747949461223545
79112586737229
613695255097265
28829553199
200045800840976598644655
8420344873113240367
5126836875115709894751508405639
2525530783510598
3211660026084
09246444806398373455410335087
08187253
4543160617891974249584986
30462274287636559215011337
96029693
423082165
414
899191369832
349248802572879823391
12262215610492460214987278463529
46144488665581712588891094730
9303251873248
3001735445036933486754790530151
8599854439392924135196
1686757
511
48258048361572905754
19455411026180
73691178105387906653510962765607
654973987736
0811405379953335669
285
82895124
819197090896
937237957
69370518935567704341
7299158541397067713
989251541429579656928515202
5493591864442433878868834221878624
45964563122888853800949512258
6853904270371289194622949861
107725
7903642676370005180
09300653233083514234484370
1571664
8448313
707950884359676013
58462781689602210119367287
513649589505655244639091651
48457
373872160132598955
2776200913059571306771437131386374
3963511248598948
3759763100794302437
051188
15924608250984134557448
872953170384382715754464
621826163951977253254506584825
4627346414113795
4808196534688543006218710894345622
0423387470
807291532473636679112
4984866008410615669281063676
68286769
413743184623867
482887516207089417004038
984046788726412253059816428023
434413380208941411
742308010768
0299695762552157
528412007578511264361134
347381885557062
1427150663107264843312435181168
79042150332102761890223263900372
50275422102630556957560
8191943310786808353354701445821
1849708937961251988060746646267
91323515371928796933
7058464104965832656691268477961835
62057646578455
9868330622354304770924545623
2558897393
7390807809422129787483934932483148
809900417979397423048
0710436203994
255669
695991132622030
143297
464139692258717167826955
32993
2887507943454738674519935422
922378657226587849632599439855033
9020533347982295747293
7996585127841553541899075489162
78934242726
97038918
6103294256461
5167306175945145752486762356578
5763022922946588458795619342
09618569924
312532071028150
42
98938336013669408377601483939
155895009401551522
7819213023623597660874430
84536661757
178518253715858
586583232672884789263570883
07245633684670
76162575891547685648542
867596
4149
40500606075217754664657
655802226938033646719
9520276032502768057874140668
737
675920481
9750
07921237475
52913089986782407
53170161932862475080455536853767
281400068742882184446800489567914
820395912
311006966132426175910205980873704
2407688924016330161
9807363089183021148372636746
09380092273364887
048
1291875110248
4107262
2941464684
633438541397
18
766122262
37428449907575390217962270
90854051518541
19293015853717890
82104878975266425741
38056978306242
397798974665862877
809261178441346640104919747193
406168872838979
373
502393083371910161
288310280121703
2186266192554751
16126745
136357
342
522925
73824326291927425619
46201579710952593
8585518
859541842825278646387
4964
3423792269590905849889
3565735932400501539801397665711950
7511588273992
9700333434231766660
83996881
74909820995361655792666
178
0857134
465315915931457469278435
932513
466836853
7292201128928
9378754334434
75417
34
38767241351355172652
313600
12074289
4389997
5126370876187497140
5763941391199
411942
10968
607705605264978358023189959
358434170853019088687500746869
69157643509
1754852167007133045071557
692014059204416170
47143152382764301115
284663088512348881853928681172
647727597149311499147988455392399
08438751141
796228781
299890322479379332816471
7456879342075436209031458684
7464195153509467745878
6871624069072137173865907
693148093091015865292875741
247159354965606184283945867
4548260055696744330046
781
08430564203924108235
13163163
298072568
40823872474444685682752
644
78708261373711566950
93415910657179
14375388837001216790
025
687
80
9588108504511990549521890714301
59713816328664522189980
501749169430324689
082362114414205
6350167558
2905380274832000047041034487067853
239
910366264428
818164078401035605676491
580897481048700399689
83664
5026786303099
753861
6239696117490801857790135056612108
69967788214436628273
0887497710104322800547686
785
984761758887095101489467938058
3618071279170634957655314
6228040315595851621507
2814929482078703934037765
388667270
17014685744004052583352
7488741358
932889400611034917760540554462
7602247122726435301329436606
16097377778
1434972776592686615
80607592
28
21734137859104089
4298
23821746000234364
04603448804015
70
853914313
0678414539911738538
80485529043888565588855404
847
4388576273069104699541719178169
545
5961955
721971254750062
609374984679379663206696
21542122551812557041306105893
26527495867709305090491301
97373620908855056134186481
704941078
081959872
739458
922232134934243473838530
09
60
17706726216657949331179231
9249395170200
58667
72021071783229
800792282872772268479331155513
86949903118345145
638012491
7288433021947780645524
41673567611692610891502481
20919499
6864978358712256504155259
8262254856879113344472094096880300
9773590143752352574205
949598342
6086999951389965871282841293367
9454822889736414884
906
731393368
41
20515108366084293158821618759968
25140403456493
35152115225549346616877766788201
029351429395
18840716
718152053139137519657247
1988925716966982078931168374
428336382
344020350
96378465
512417130
6964492435765112344
1728591782476424269967428041
9116619900
1633
07538655365415118
744422686064232738015939047
75700965
758
28297
105538734936550
047637575625984428873458800523296
89813100656617834
26583421604456716
760961457406417995468570927904297
6882754753721357758695988
841902043943205881685799475020719
59980293844135117756
72952474832632869845
8136391834057678951921125
038084561031286216048050537
02030820176985802203
49723210387941
9673586
53478682
68747823824459485473733191247770
0961356040479307964094479297
0394583497177210867462315705874
761391716118135169505516308564675
489122618964721754668
94
2354045955
9655006
099077206779368984294
678
869150080749407623
6136245826139
638345274854919348
26728188847629078
078750972120224401
38800
05798072437353321
0952515796272134932599753921
80925739006392398610714690869705
17488044
856179905149341375
9162
58
636742196366111715
02404453589858684646059529
162151909
534289
629597211846
1545714396361380790778283493018865
73187777385507869535052314389
7558858821312572482
194181197040757418
105
05741
23561201333473423117295
28753556675300226318342559484
39567350476041293
21519510201
309759045357214717662247603164441
1756703154909829269530
571954041738085401071740784481680
03102262796897895576444208617585
5799
900143150
0272
0812298768262196768049
9165337997820560941564995330329087
58199517814797577329057212
577270342
3808795356994833
47414507
493785747650975350114368922912613
7653693533170278056549697332325
72931283743863288272
430825605329
647771200
45892183
13255241
25306629564962342270160549907
60241
537959233
902048
5401339908063560419345857841
8255128977
20427028591346493472835279004
04055
58061175796439714562239752
19895557991702989853185
3214572754504203549672359920
9310075284560007
54
733452819335519939074794557
604865805734468399593476595594280
3512558885423086534072035322629720
4990100143490074
037921744730746058704
266518278128098216578843370
648481582809172323558
94671
1715424547162
54765162298168774755432940154
7934
7896660162933364621249
40039478862482
8233375287701512995024
