751615998292956854627630876699
6292637639508444835652
86825024811000118802309
85120849740753167
8201095899367820941606743
807145
20940528973
4279
145844475779278095803596209
5458057281712007
61448049933
79789986916
642
68840627327220029
614830987165795081676212606508
902185859060155991324
8356497701682416417175
99556634452261741591324
463238845491456283857640457
77780035609010982479951602
50062040282957
48949090227278899333145673
75194281548
77358915659943020861713294215
96425425
431145976
12
288561421243540
335721
01324
709
21589239834705898969579334859
089824233307788964110893199
86529049752727412
1913436142364540973468
7220818995239304147132303
36551789368
19161875266000522437092984
8763428695938249885376800767
002717258077409921818
0260664098298265873371164
5771585299770277748291
4582910291
4377378878
49345321201049187
1111324
955200
960443152755091785253868300503
619170380
9310051556196189093
26
06708133905367296
1175261377
81224
08688570126
30802125980565848661
277
463060309118489418741
51324
7254970182
3073801067903308129539195682
6135832376652
423457407891893282755897
30739
3207462
61222199403360670651343916847
5901
208385498588647161237916271
9782444
6618747929810881694
4981111275653546968
26822658587619
481559648006014475352882
9832
95036280284544499905
79892
6145
780
1130264
157377729521027806261444
82854729565501304625415738019
99716607357647541533777068
7200
8947
863086148838729959950936942
8456127453347840109690
8498244
8036226575056677417801
12010566741639603311324
31668544696272990894
1043043741450199765105
9391324
9240633918347551
28876
800040529889832325
6359779009050817632910961324
7436167935
19992
06452786594901324
832989730103796
887587606560104069525738752664
278241
72979846792097785087399
3323810970311419276089
478864669272422476482858709
009206844335599085934566869
6653411345
5851366551480051324
6993
3636341531
1609637216565009254872855
58168819984542854058833
76948299020663881443108783481
8369
071104816701
820
154833479127803332843711324
64809714563
35917308
461726669447314581
1091645405605102406049506
6496935730438
32765915270411662893450
6475460654286381174
35731324
08231543665
29879660529611913720514900328
260581498878
6327903502654505541251
502516833551380
0465087624
1123313588531551393532630430
7803335491631563
89260555455038355200293035660
5344958457064
78987935337531935214
520351163960846170
16617646708451381913624098
94421653
6952615597737058960767870
37077325921738560591
279086130605370
8387692
847
36245899515331324
1038147919
87714
99135826443299010830374284
07
86564481
5949
063942481005703628884094711539
2696
24393986500199377937531415
17218730890668118073227983356
4795813
806418656536803146794708581324
82507535924770398785736365042
455698158189764940632532835410
543
948126716787140195345516942
41379241811935491611845182291
4950878148535796641012096
95700547196348654077497
9390851058136
34662
500945036670886226
722158720
3180
3235527856095
725998752
1760366373805239586505200
107489
724338329790376906038
02643202243822
4254469635310499751
468747106
86609
79783169822935636364443569075
031849779740507538327537
6465511225050
472014821107
62662568914
074125549369193144252689
14293644350830984939996690
2978867649051
12463067881936570609358382011324
46237886266930778266247003410
931986763845620
03
3176
292821324
15896644189127411324
27591841754112292119200696317
200568266129765
6303
8401
899806363167654617438717
044955114783693382696
6799554044037653337877106665
066666002784996421898099787112
970640646381498616449091324
2490
7382742346023102579
6621060305335765456661442624
7084768813097806423416
7612580475141384023113062863
90342637353
34973974359250834356
18293853887981335318968
98086832706423
970379465512
29
4067213
81324
54625097789345445841218751324
910790923544951364929661660
83630122063667475451278037452
5141824233235853981086085556
0992682935097
713608924180614
61502937698465679603145281460
3995509199182025871498113222231324
61551522897777120269
8527600177288193010
575933551324
1469205361819048
78337515930633580429030968854
102743477346077036377815
827527661953363734314
7471739790781422798536943082
01854
012257871003601949765
385290772381
9044096100
604864
08365101324
59250887586
4091932
763671920
644503754473352478918513988861324
3177243375347935256
46
35934788315430069228994686334
732930676
90653828945163125668423
0410153016193876979
860554324133058004909181324
319158696031324
08566577087339719422216088
89269
961786327241246
1636026611324
137892
306578880908
909947635036739964
3129103678307142
3282
361887421381
51324
0078546432622166044721227583
992791324
3846783755585304933062819
967161573
6571333295782545
08
895554414363
8539444522
790128500815568303514
387588739709621
522706340746627680703809
697382493
54541067758510292270537721880
42533879
41846617051315362144712606532
679878749456824613059633687817
913945098118258403249187074
019247388208027389999858801
83
06125942112649404898213282239
7716699867059032953649
17993809
3642
67409595
799890588417070507389821528
737947946
2086074785417711437815320
627565892201117
340823012844431568294110029
4971650624571
2053848309676227057
41865803
618758649
67962618681443
360752189871403822231271394924
690503195025161324
3253885839216655
230796137054
290171634946203285068303
01324
82594106001016391147015991244
011291842175972754
06674020031809133601324
88673324475
20578337183272332498
14
61324
672119697293
58054803934442234068519
057866414775033442701324
42
4106729096
06114882073123
0217695556698801
21324
445071788190826703476659
178003773919383320756
86
795949944242878378866
82075581
024629634607
6375371503068278312117405249
8291571812
41811981559
357
8279343778560605694400051
8171560620283016
21324
30320809664508232581564429427
08006785779427191653106095
2207461965808198100111
2050475
52935330347659
69911
0045135802177
45250562155289657688008153
350650199747
66153394794889126886445430361324
6727764692509111611437
633511606735266944739575055099
3811359804
7656570547955
8141
14726427653941160851836942
47430
2978591609163260994406616968
90253187044495014
004723446523783837094348848
563026271318591770431467919
44638939505641779
0791589976731443
10380308314
439622697816993144376517229
0800555
844965872105017
248
68035321674578430083874622612
29956681
626504
423374268143398311118906982
1142587278584000225933984352
149313
21043061370
08173118293629113361418696
3306568413069309370231324
506283
85510505
97003560
41934845489657657
9161224373252477456810991
59084422316992916
1836318984106168978
24621
4362733741781778800191721714241324
340418854392490
12354159666
59974158493
9551286856878299495232429110
6078594
551324
2103120403878821285
012419660648175354163
3568459382836518
9112671363014792239390991324
79027090026306346
66737
48156
788640
5964385119359525772
442804817561962199050366580
3685559609968219
11324
441324
1736033455886
49974803182
17049615596611380919582267526
484572
5838999490435851324
22243946298121324
68201107
8353225810
050216685
05860431911564354596280342614
8446730692
7484617219355205953
7650036427612288210
4178450416189
32099
3350192948
74667044339298183
76
830858786624474284838988982973
8175502
2745894396544211
343279
92835060416037513
46096123475939803869337688
98
5939457
84221679502525866
3504
9714714465724070231
877382404476742079981324
938011886520800697875
11324
86681324
14658872178109427
325227082
154904753594742127289
645
2716531228
2740
1526945770718829360293688272
376636744117734
31798
385587218537942
15398640172
4158430
210163472960154
74261283951661011032920292685
600879192694714635616028660350
2502870521324
54599451734842282255238466
878294407037103981324
4750766
423586288
358731324
70470876698085177249412893
19945031574
736988804935389135802943
06
09560166781438
61324
55309076429752
88376678693081324
6189897363498
4487705322817696441324
481
234000046200
782571532305949091615
092407247736
506431351600245781747774267929
0571848707681806980148
24636006523911582577
564
5386145922692789844
398658775827163738648605
645727337637526345
845529527079845946041350704
134709527570231709296
0091704
457962688197155280532
06132199001089731
75287892
1138392089500460744792289569
8609249105837414658449463182
7528
852734328607
608125146671447467
23294652065413120878
24000243305
74956
954521938370917827
43108533537
30766858137105031331989091531324
800669656343755284961
2670048876253097
111338219
09710963342
81324
509140
987088356054556811506
59722893726284809
229769049
8381324
744917439182470
509335515408878
6719579295136934898
58185745529769864770442
5735789
01324
379892205643062748736822985115
39827933420705510679
68169319331390859215
7364
379541451597818311398732
26836696490310407295307
488500606689197207825001141324
0227889
31224512794515949115431324
493777921624220997021887
899606658737025174
62350839975192306275712425914
91171065
5635530818759699
3038012980726259
66808975
93496466562036787227447491324
07599674953057529261905349574
9982722717848885629205
23862564621324
330594114566731
59410182
3676
01324
7476701691998301464646
317332836648965213235452310076
68
4226351812269407525631
85
079466761518038
32328563224851397721004
16240641958480
4860500
21221433225
382689999874570190079
31593914953847324
96812933345142045
044
786162267511
8413249
71324
5734681151324
992638519529654942
2046421617496622735
3396412396903312113640003834
2919447678767421419344
9077385
182542245633165
39159631324
4068033831941324
5613616028176
588225014830487
4530364004355261469
5740173149998841385976
397468252899383321
82009932135589
519462077556024657532878922034
461636940066
6725266529988655875
75391963068961998555371324
5318417443205951730081556
5112644485968807009278806
1192144544942686338578353
740993128420561322
4776627478917641324
35230640140731
54090677640759865048
93282147389888520380
6587752339704778932
8956
7952461179101677584865020255
4502858445642793242065039
59117676568756
378784626
72
110332388047740981694936800898
74752534001574214150371324
9467949781768398106510613476
2781152660500285295993
5863688371301
060519027923995114685
283029181443461
140727571776582950616
5255885445941
428109732548812
11304409631776264
0128601324
770
1953919139642040493011324
218252015836334821324
5270448001832
94529714789017647167
641
43307218841324
91611526179397019848324211861
3476398459326832389755831
2592049458146986413866507090
446604637087869461085082154441324
0091122
9766692930087582484387597
1276388
959942037161538022908077
617
52444617568256589
58773928949671491490414532
164837
094683437360995969
026576476900509375725479064
644149598740033385039662737213
7729413650921135574794770656
4906046402410
07080356850825483399757
391268632
1328282959191354100604756
5692526237188113215444671951324
114691363222525
410
4843761782954149420
53320258341322623
3319137631324
75458535185122110169770
8391546397985033640
29353239495985246
120860200192684903113194178
881235311748273
08808415463
9416156
4337299151526
95577057
426
23
064703335626016417694294
0733947
511811987812412090854501106703
25128364809084027794768
09774
452903134792556693815
281
94461008668377
34841508
60269271200820451892354083
681710633716557133904687
370112
7679394037193117738831856
980
2034891852515324462472136
7236391973135
9961051513136442002043566351
323187
688292573101152
6005161324
60075360642839044
8252346622
496
82211668585095914
552746
26320553670041670847
483795440801252142955
3701266324676942288
807412662093293673663347347036
1733
942783340821
260258977400303100
8714686581
75071324
24996536692779843730716264
1129410561821472738
5634
356120606804151169428
94399981135177991324
721266244404723
238114367
521125279
3971274816792397551139381491
64925646742267756933257
20
6469756465103945347
861949536681324
344229946708
3259
918308
272729723
420518440991211
450663947440017640
602513114429764379780025724301
24100445659531309193248
78414887516547292177179018
393998
4902301569667780599179842612
61324
74325085039
6430658856788261324
035
12077916553
34
8674733757832086396
7845152462
307649061627764237359067279
8188376001009853360214
87349
05013223959093
3170
42475328331705903179
6913014
37166515
819176396126
51909477884268875972614384
21168059
33434391072076884639932
081698879675510831301088068173
41444316027525
1842858823775002318631268
025124638688074097016429231
9638828701934445
227039530980358627621324
29425263854845110529
38632389843220831422459558
00372
45197281155
063015076
45684965445895338924905137490
2060563661
220
285750
9122476354
4582854425561659727805682
312369684129365690882598965
26836608848247073
20805788938
236218704301700094477
31174833499860
206925640750084363635713
9106501362807829505859525
4091242869803442235
78938891271324
0972044559081348991506382591
554228
5830963769
0249
4916465700
3373314931131317
94626927771296447959946482270
70503114461018544902833741
7401934374838
570549656498749
677310459912524954
277536132792866444410315
8591
40
96393203893974153
249634566556307105900845198
084841459090219
575698269707778383437
7593764361191438096264128334
927047904626
88478366
142
436479067058
0950534387938542678
4770450416
832541816
57716044602230
6980657791688333784
501612974660715661270039
6397404634421703030877127
97440
299521324
90646
4455169382614897302283379080
004724529277385862
6611286295295544976127651
18478672141791387111324
07918650653330088063666124
0159744299756827322645
920029932
21920890113110
288120
514468953682380973145617099813
11011776
36179622409026945126
0588140389896133001324
37558
38847763500355187
925034926596074482052388936
17828185471244
202984093574069
336823664245
9082115976273545814
653622201606317928
07720702013
25583
249471811228052276
1473
86008744304
05
05
71324
7991321778952965700154808
8305509134896508735
067072
977599791838095118155
5155511565341494951324
91324
637550655175301304007898283
90600358334168
2251239213564
1715038017470439615265
895008727481324
351487
81923261848852989349017
792021372
352127240
27673263403012848787
615158346992407622837075
80809436
9113
495526440792113762
891197392816857157256
01734668355566
11869642782
666413452868832674856639
100922
31083777588983069
01
694
324705510414
01641909465838101509103492857
365717228832270207330
44968926598080328057626
307962502060860262541347227431324
45
058009935739
94200517802460334188915
174533542
728391179965598521092588713
8128238477784325711250199
91324
7826044361205683509356181871324
19498296505482
415660923099423481
61324
33500722973387243973660
6204369210478253567355
872248191766157576459
8734
704
76784136509697558065850094171324
452844475095853151282251
898736
4293650277
769486099135748535688287716602
31324
73321198200564621156194561
4042976483877028482
08724783
13943375835924433372837246
295462060387442301693956621324
30982339939678057
5304273154588323277851324
72
4966
32031156
37850818956705
47530244269551358601143533
90276087
645595960541493530
03578743655429110282906538
90930
958291973685045
447575575553
87255259125924942193
7260410262230605903626180
89226498980
97420576593312684
0637071833169
8900616834193
2138283806
3032375389286429225116218134
763808
359062296011176353859299659842
91324
29333592591216946079723
363421
846927602
95607
77675795740606949884359670410
2303428402349627692165
67
9661306096235065526
59289924190648503351
20343220969
26199
91545
826869094501227
624543716751
197734
091871816510561404970441172193
989936897
34031324
95988862524372100191324
3590301977342753632351
27179011471519397398920
7568979206973740927716609804
735404533630248968794475284891
8818233215578179
27696816
5812312379
868767903115741286417
6471663349
23
218771079114233906
312538
847074526619169
8089681161549692975798381324
397295341561001052137021
59756649841670
0578178442543139976
38041438431385050200379571
97471
3229531324
4061
7705
485196571252
36132587817398522656
31324
703692
678775
438430356206773
22439277
5629741643709
4857975791222
0452961287
549718137639427
6325157928787791125128481190
69552721833525356373018342
23532663766313731869398
923135716604571742328791324
062665186254877335050559
9344254978394728
406592
034312040722796885408
2808745042289268334240189
270326679970742521
01
41995781610439480360217305998
2173926518811
40144650834519
9852023496086907451364
77306056162971324
9501053470801
49997
507439206767509
7156180075629271192045
550242512650
5209709923567952260874
1462672441067
62895784032451
693583895
645097785400652068
91324
87821
1160935968942
374072932855
2750986645086873841542715055
28026343501938
658504332533399493
08503858642238075995638037444
27659273640478
5913734337666850412834168701
001324
8519629806471
380934594
045355962236170670307
74777600800023999754154832275
90819033156665142601242
8330686811449473912623394
8181324
0951136706215039
43050269925883852498176
5957142493
67854823427388704142798
21324
90834850200933195633357807
33788439452160250892891405
6791
26986690721324
330850297433233157750395
951915191233
990549936405433776
98768731705005412609997176
0158736
529145577
93372
70487276
905228268543
1141354
025301324
2958744925
756
