00777477674209652672846256900
55880839579818840194755
9998829528901671181058399
11194064409954699811
774575877
44975688459330079202547662561644
777502902676779477532077
7702644160566320335690532939577
1194392591346782421514156480634011
88370029732189472402950008488
4460818296049857386544
331325944633
117452835893511
9900829699
772329969269002805769577
116478097552714211
774753500254188737587977
7775763984738352497757677
000719850200
224022922
4444
5557177324923014224317055
119711
447299027464093191944
5538840469679964654143205157138655
554343964635311045621855
998362999
110759532483111
1165722569090131476444486757017411
4444
66013872604666
99709906289299
114126061773163745767656611
114863004290695811
8865868322434081301095530276170188
7755235737227130246329053492577
77622509286044177
3389347042338578151833
3337711220719433
11816247035149151911
3353433952044595206733
3301133769682527786103333
00700
8837078188
33293104656023532433
77239880555807859296614677
7739456292375570271943687994214677
669042110693866
33327163861782598420233
9965187539099
9978655101533333164710617299
221005922
11823802639996011
8888
993153394899
9915348656957493555254299
993994032267899
2298040188423613218838681500422
44783970091109620444
444000190562144
77808790717277
22657867922
8853708488
66616856254612922983226666
22367454502630190231522
00288269855100
668489060435710567678966
005054000
9946685785233137090809861399
33145933
119466975678953994396237811
994209773429948343767663055199799
3387197882617684487685853633
662762074189996305025589930813866
2267428901316861622
33059333
335213241034904133
00840047243943900
66379566
88302173885084337688
8888
1124391789548258972283925510699811
0024150900
11317634029303910685729256943911
77396313887414120835377
447262168060948447899544
66900126427766
228625674766850622
99163702402230499
00700
99020899
771417732911097277
001145721095794936613676900
9952359489075624599
667766439566
88545699967836449037439988
662427795257043921159036544766
99376046614707142199
225835546382628579522
2226898079573261956822
003352595922763886648600
3338665879581566144526164010233
00068502527589459331205000
77368365774864722229610888954777
11705303605060162071311
33904974368978634052471014633
1138711153363189436650911
447875872967411256051784847942244
9984120120642275318746750859799
00862823284312078289298309600
661010699008066
8897664388
77864781656247806731053630156877
11556359176833672155663457011
99090999
0005916544546300
0015191743940189039843828267900
3302922507049400125563333
112865165205348611
4440632363275443033512644
22018182673760604969979822
44358225211469532323826311905244
11577311
111165481973004611
55701767457475453835340879455
4442640349881557644
99906009839445199414902413879299
11635073011
7737921857971882056805777
11540812023611
55493155
11902742567848511
0000
22916249526562722
33115022407230053733
77572961324929639146848939569877
44338344
33910973661172133
1111069911
99194999
99091928002799
8808343295651401336511278988
112278419290911
8833012350302831156149867176047188
661495271181692904704484266
443054222882707644
665911842873104588863413978366
33504033
997395855813065899
882974185106407983772554424818088
6634919201968258045322515997945666
7777132677
337330245430070255598811633
66971178336466
0000
33621192950373381270374625033
7769058985570065977
33229015970263845149633
114374981748280200686511
996192114462399
3333
007075209079225126907600
33433888618907219696940195933
774288054478628565004677
7728831203733037577
7777
4445499869444
888574452734788788
112267256144733635295232966411
226260296773364225160622
7739345612979396648575885077
888018388
00200
116242916757851281711
7754837554301877
4474544
770173177
7751276622237977
0000
111442276792157963811
88620588
2291399122
447644
9929899817407852495499
8854301395369030032488
33433351501076722880633514633
2272481422
2247584673566808290132052033702522
22974642241248702829622
8832069180316249007064414320094388
44601535121144
00245500
004000
443792447197344
6642188966
3333
116488243521692111
44201532755657349668129521444
445981944
77366276982878666313562741515177
00264351917531901057100
661336088042255466
661060803745098917715278816712366
8867808400844015027703217988
8837351664528567039934445257925588
998215985989399189075356099999
446103882980744
33098972002240707583933
5562103658562861592751988881255
990253006660231979944101299
44719644
44944888993870687075444
9967926124122899
3337446348066333
335155453752283852233011833
6604305414761249011066
006426286155115797246300
5555
66541514638949974998066
00700
773377
66095681395416123766
554680904051255
3333
557141334055
551481801955
774804947599406442277
996572418499699
227270922
0036332666670451486448090000
669348180572948629063666
8888
66739966
33047113007133
22912534822
5563418462172935867062437612055
1190993048611
1194317136783147207952739804011
228262422
4446073651264775636176142044
882420267288
0083677094445500575718479519452800
00713602535100
22627781630322
77677556907427524646020315177
6665570392320447072097429931266
997924191138397840584599199099
3378318212069733
338733
77180452377
2238593329665304525599522
8822075672057910688
11533569616211
11329692197590599811
114327411
777731706089634179936530607477
3323577934097829195233
00863690462415300
55077120206688099240335977155
3394231901706299246233
4472595839542334529393666444
66634876981255326595554190066
5561887821454450505577455975855
7781530379008877
2218122
443758524441190946671644
3312533231259433189748917133
00116515260080233000
44582522096221588659387744
33903526823773460796733
55219978755
1121526711
00858509201093320198481404692500
77421043002418383938142142332777
77067465048211472240077
5513784255
117331058921844748946311
66360593256941542962666
7762287589806698977
444936490244
552255
225976062246740797122
11097062133744335311
996890799
6622206919392077362049939668924866
000944059257839175341138552529300
551947406243380840843405148229755
9983299
4486216776544752831834244
4447959300251473144
66866
88388
448703211630844631990974153644
3303304367018448635685452989233
8874881088
00716690084734094000
11203541573887929173457711
55202605296945900083766837580055
77156294957604654077
11913836277091694388952190911
8846072552719594589749710282084688
5530412079878857917147266243355
66557106246397585312066
4488642744
551601576143655
8847497448925696399137988
22022
669364044800975456286961463866
224757672180335709322
2222
4476605196403607644
33212463821507580866955621739033
778271958486897949918615230264977
6648036162508763061340834966
0077950139695710300
229787136383122
6681826690677026291338846566
99205010111499
228911499622
33780533
000222611497054394467151700
443251044
4413518411899981641712708546644
55960058641796108337048389255
33443960233
55763653876159830009024355
4433422115098344
33273772567934378733
88188290595893579288
9999
44044
552337882364674063718870780645755
66464641243257333393915247266266
9936296475701785445951599
886888
44044
9904451300162107941667299
55392439074609455
552855
444215144
1194447613858802065113172180013011
226089047033556014322503157922
77470031621217487179554323237077
22565256637322
99144650716469847599
889727050584058207819288
3327993425256331692022733
2291230896551184897958162761422
442144
551959579624542226837555
886743839351302107388
88332937744072706071466389922588
44340279711615782284323844
0016801482198702900
224792638404847683022
8862988
55655
0049148787583543060042050500
778824161477
66158209598714576701382466
3340933
77986429478277
5568072626167152205355
5552394913886033547979995974483755
6694508510169066
5532108032258208882657837055
556324019298055
550438211125019869355
88265723888
33159233
443035386144
55278331155
5559355
88796584786814834103043788
113632811
7798973197460777
990516151935660626499
77948611584577
770751142575990615867339477
55568299811923320055
44012412889164696244
443944
77974965577
1170522147211
006819406408527720485800
116523977705693063824411
116712556266793411283379911
445881723762385241168057744
113283581113396779768267211
992272589799
33002384380777333
9976050360250035187491553281999
887181961441265981488
88220118688
0019189587800
771695294836425774377
772939108631548451659177
6652402841873413566
88634288
9981527913706299
55383447558564373655
66402418637749372244961166
6621647466
884781107636471436496796488
3372633
77661622891208665089077
997131524475473569114408231445799
3383075114611545740599033
6692545325422052366
550360692055
448075467296213419344
773574677
7792726366456814221482165677
884220958315826831988
88816086594823753784068232588
2217344602013020789553422
00885000
119850622060485511
223913936294231867382622
6626001771836492963653594322366
3340585691258179128507539028733
2244131720381501922
669537594505819892557429921466
0037191988049821156173300
11247011
7723454575453477
11175605410611395859456637908311
88728231623388
11911616102511
332145510312439975248041733
99509463292099
9986647482320651646624774679099
22222
2237464474390368726743741222
224966522
1122407634834787063382233957711
111194073163684548011
665965726881469930685623966
88096241999088
442644
337815144918054505120833
444062900006243808531600844
3339079337100514257084677625678933
77584568222352922077
9938831484443520796540180695899
00700
5538802155
0009752563159722074817100
7786344212986977
557504913162416857937855
88073387188
117925815526715543111
55912465967681755
119832229311
3332609433
558880515937555955
4481989693267842344
6696159055266
33670331942313066816373317934733
882586244581422056647973210388
22189673622
664880334594964945812166
77790452877
3389330374365788963433
2241662495571258559210745096522
77392463817218392893702400058477
116926429435146920811
2219489667610317410086326283483122
44109835444
552927336265383945334894255
66652876797761285691403766
119061111
008226200
1119405828132911
77251855884477
4428460844
77694242352234547836332347959177
33725053175199349726714671953233
774184010527408057973761291462077
8881787388
00000
0006318599118704125256752017700
1101187136085689070497691459658711
554557349122129652909029039155
66040768993575383724514019466
22068226585509122
8825460015369174692588
886481136210888
44697544
770033774815771045577
007484143941456562000
55973072270329126627655
440215572006251398244
99023458099
5565335616185687444626155
11460486870544799476102011
9963199
00433547566785841634100
111804886276976311
99751169463822506699
339514433
553863639081407755
66793204151770542522112288066
8877310083237909088
887288
110567539483416505911
33925204745534384933
7708790629077
661673380408280706383196066
2282046546312622
7760862860213077
336708106270769517732333
66546461420266
998551599
9951673705873190314317699
662649644807006428753366
224664922
33533
2267782382013522
7798117577
9914999
335533
5555
0089599585462433047329910180300
116617734647578683914611
7750077
1160185955273777349211
118542111
99132117092777843671399
5503734841397057269011855
11641710778811
553847355
8825074388
2222
007735501458600
005865933729243300
44867240744
66096656366
2203214098613318198208060922
441875990591118995752744
222815622
881360941688
557559757497637927072333884173455
6693755389141286235389266
5585685903434343855863201105176555
008518517500
004799930749910899000
8833105506327087849184081319788
225333534948197424045418722
88948021764847060988
6646866
6691497462499286966371106282366
990583176091799
22080897634422
999204892781683699503499
999305638893274340045245443848999
666408914887193008733066
0065600
667166
666213707103917131001948084508666
441562944
99030997299
99640825199
774742223442925799377
5540177765315568655
22553634940494934722
33071620918272177949992914880733
9988796045907542099
0090508242434681600
771026981887677
55355
22611657232958341822
3333
559555866612705793755
4438320379544
99614608504120474524132386571399
8888
66954388400425922321501420802466
8853317410114988
0000
3375733
4413324244
4495297044
998253053940725848999
661066
33800067047348729122757133
552512914137290035604683655
114411
4459459244
77855337978042230480791677
884543200538975697588
4491795244
661666
5584346379967755
3397381033
9978110599
995606598142404299
668978417051500193816640089966
55353914010121237004116971555
9999
3307743833
778119847708620036271348055977
44776279725830986748437044
00883954370002745641734900
8860453803929350495224373122988
88835815988
55831439459823836901464055
55360928262120280366330855
55566255
66960094335766
1144778277707867366976004911
665054685757644920729251755166
118930189548452557399111
664807237044715792147653466
55499294584573555
5525663255
004215994625900
889398488
11027106002437808241911
77906564810929684324816577
66166
117107311
2265460813464116933592461819822
991697437737000707004699
44429518957315722200174044
442712186477975055444
550748755
668679115727966
3322488447258204434079804430133
33483714472627953394589633
004300
774860312871538677
9999
55778716531282333117420115455
11706761313311
3304702491225877333
44995267551895852886744
113555939185211
55701090292044729302388400879355
009400
77721830114077
4473209773956480286992522644
446189056478223626244
4441499962914897203944
88514814753942222073231158488
110268011
9996450487670324236408685293699
8885063135203188
6632466
995874199
77724775979886577
33255024263249640269633
440646372744
33833
227892135016783471822
22822
44871587915933380352306963344
5536655
4444
8879004232696724745617260988
7773418577
7757289200505129601376238453320077
8814735303878061956888
66189859158162405483366050493966
7729035233343186060117716777
2286215522
998599
6637966479799971542566
44249754548690066659044
44407074422084424615157044
44627604944944
443149222042078464910344
99587319242900631307898899
99962249055843590377199
3373339233
447605436058159099505944
226298522
336246766043064901854970125673533
6606986566
2293902903978686568848122
5592971803521793972758093753388355
002525788294100
88285488
22082083725447702649822
33459494882959695464191933
223223446920000092962584032722
88141810717635491694723817333688
8855970815306259288
7729135077
6661319863732266
22965833918288051922
2265009089127381422
22424832850923142909940601022
775861077
22868317759710522
99338756667298052675764699
8818075101137557167612579137888
4462531100156253844
8807922606766823822427149567075888
00900
994015971618460299
88249569438853525988425548388
0052463522908253378546390943000
33620302533732426652633
8807366837296129123397888
0047697122734999628395545535600
00031856793775745100
1183011
222922
5555
55544128947448368186655
9971399
66702529892714134293711595366
9938561163379260836669699
22657951684845922
88010696557771218492903661048488
4427727476493671544
3333
22303680246109959538422
666166
446978223844
663005959695756657489964566
1163377770308611
224722
44630357274054891244
44484743270969385471849581044
6650597259884591226586166
884744525358037215406388
66300125166
6610320872948993617666
554953030160722556965555
660829709001028467166
5575613473252801946537134705055
774879073834134664556180277
993399
777055315787905289228542777
882515507876578888956698419942988
7730733572884823200323371977
663466
77359027960160382406919993212877
77135886277
110811
8842940288
6600766
3385297633
7700283267868509189192176080596277
8834381630677388
6631136104633152898366
00026443900
1105901684204480302780574132922111
9919000574695399
77712293845431842511796877
114696014454342501807582015488111
441052703267165015916404258644
9921757053685961371588725454299
00037587200046918353992469900
7767341498677
77756710146587003385577
0067252622500
11784657934710131884811
9987988228516599
000837910073788284300
9918199
6673747155148170902579266554566
9947707113727184844683066389273399
33152869733
33203018085366194701272633
006872600
7729040775377
1109571198990358220117076072811
22033218726022
0053062222844339010574941972000
5575955
4461033567962944
449858300084944
8813161088
446644
77171631394985077
22952225827221969722
6666
773895856117077
88355314407450647982973588
1128307157111
2234968322
667270690909266
774695266477
0039032800200835316869500
773032073406335277658841077
883288
00896683274143877584149200
8888
117565696809372998125634211
0090329979305554600
773294321866081596636609977
331563633872513540233
88117433961072748573480755476188
11128954067111
5520314583991754477355
22596913423264745022
55420856607858432261355
33992916053885497543177372133
9975791980049505384599599
11296387481756761523839676348511
44914758331163444
0040006901923622768382800
882888443717456199925924703288
991663448109921599
22722
77379956369741099477
77928711965064277
1152711
4465292699868777563273673444
7706797577669822300087877
44685683464013088644
00021047800
449404144
22134604306822
2283782579991222
1183902911979774099711
88267241419288
55745769811655
6666176683089732314118895755766
00100
44452947391519221944
336163084940533
55243763338555084464200166055
11779035436167414369477311
1118963917881895844411
99056766779165997339197299
995237210216074764536466169699
770763848387951953446769405948377
889011775299788
22743379903720287322
88388
777055077
994520612368629399
5555
339208231472403704729055968156633
99531199
994554478339985632817450805180699
0078561769298611400
2218296422
1127826782411
225352768534210389214522
00417192209041469391039228099700
7792479196976707985358513877
7716210977
55253877643718018423083476344855
444271671344
1147202256687135139555336411
11711
11227819442811
6652440455599191995896809254266
9933320492746599
66846137461072104668555352566
55847799655
6695054341878402481986566
331843357574083013748433
88538169688
88111450587133945352088
11558302597311
99024798296531099
22042731322
00825842548435377725732489600
55936442957695265819200238255
001635587203300
5513855
44786444
222195922
9953699
332731489272495033
9922199
6666
66582866
0016658839930500
117554211
5558178126788318370690690967755
5575161473540089935474921891594255
220842771922
880025674188
009238849721492007118388600
4444
558658676928940389108069265355
99170086951399
001453830002457672841600
441784125703244
77364391018487077
22774735522
886818564988
223550954419430237178910093045722
6653244866
2280445140228294900322
666674539789014552437466766
3344778033
999929003218875523508799
44514844
448037434112987744
4483956202218544
44542274488665889187075073745144
110595472155907473414611
11762814108211
77730214777
2204195687403922
4413151565353759349828566903244
00785900
44080844097611920237244277784544
442176872358285585123144
55203679655
33549933932785477928150568333
441931647409567876444
557885974359344155
3334421118012433
00332092158970200
3311858665016838969209978333
0052100
11889903967311
007099233266610400
44336424029534951217799174844
331755000176539633
221222
4456431917344
886397488
00551735500
1137708711
0045080605457016552989171370700
77849794377
002881960646281613800
667467728952999048166
2274622
9921945269299
004000
8818962599937246073288
2273763624914578656571093622
7743292560331341033791733985688577
11307592781811
3373571105733
8895426991379696887288
8828116696702886461272599288
8834788
66848307247448827802345866
11146853533088332511111
665056918996195245482966266
9937999
22629862322
66038798482730592733466
22922842733332264165122
1169111
44061581994088628302544
00248467245078063878854700091300
776176577
4432427344
33339389420533
9931547499
66906408766
99140099
4471043205185206156763775198044
442659144
333814533013633
33325386992654233
991833524165799
55055
22022
2277663229649859040860687222
337238133
1126664511
667742304958734666
223444780572632482432622
2240980275488796864416626692851522
9991736600954991847290255799
00900
33569918770633
77077
88263827586588
33733
00912781265750992821800
66434293470587757403566
22078717341129811522
88371763350992995726207088
66741043867618801045336717445066
5506855
11417751799966066211
2282064322
44561897846541363144
44664108666746428534277144
6657432218423387631466
88031956288
113560090650736182617370198191811
440831394644
665666152566
3370843651342107504024433
1156776758648562451300611
55805517055
99086816553199
995781386357550228229699
883327188
22822
2230461788955522
114968317276111
118953411
2241701746712835022
