26199321658199185612399162
85417444707177170744471458
5450096226900545
455554
8488944884498848
6436360441111440636346
77
118008479246887788642974800811
192324423291
26771582066028517762
534435
9325445239
2563621313773131263652
77980393044039308977
22
1221
5430440345
66
5480730057480440847500370845
250001252252100052
496576605634219912436506675694
88
99
43600634
043908086680809340
8189418338149818
35691312399321319653
6624664266
1553333551
421124
30788703
861920029168
885203302588
747802751920029157208747
4948369559638494
14895332567033076523359841
36911963
244552885588255442
80277208
023309903320
62833826
013054450310
67800288200876
393279280082972393
2249999422
75442242611624224457
6779173155019999105513719776
1406006041
6776
3840636916116196360483
45267559205344350295576254
32457983578600687538975423
126587099714902209417990785621
542177307961169703771245
22
0755150723553270515570
432933071720027170339234
3213169429959229599249613123
37833873
906976533335679609
92888699654466445699688829
59729444492795
128506249104781187401942605821
5779655338448335569775
56711765
725549629631136926945527
197992299791
257019889529717717925988910752
80562068905477450986026508
1619229161
08462949476011067494926480
12591035886422468853019521
895554455598
96124167133176142169
98692666366366629689
1662029449202661
1001
86180292355329208168
77482089566598028477
407020020704
73344337
2662
43368833355333886334
48955900955984
55820742269999996224702855
007700
406625994499526604
6795011477667741105976
7947545978523113258795457497
56138995426588562459983165
53786002199120068735
944558841457754148855449
1476367416080000806147636741
94588549
843659956348
652615941972279149516256
168467764861
0323003230
91010599501019
124421
996699
931384540977645546779045483139
00788700
61031177447944974477113016
0317011938888391107130
40466655666404
260056650062
516831881755488884557188138615
85211258
3811912715775172191183
2632082789673773769872802362
707632846648236707
44
3914257241968228691427524193
03506463048033084036460530
74011522511047
7425780990875247
71423549433494532417
94932577192066029177523949
3805187019119107815083
183047740381
55
013647746310
6211378668731126
33
703336633307
92363046422464036329
96974007938577583970047969
583983389385
494486464893398464684494
744036128087061160780821630447
314172686946649686271413
429572417714275924
07286696565122156569668270
007700
0588128246226428218850
8118
99
2088517123113553113217158802
88
54802655620845
94192568689211298686529149
1350550531
043580282469410014964282085340
7178170770718717
042043340240
7628366921540660451296638267
3517788888877153
3928785535152332515355878293
8009449008
457801816761167618108754
22
55169720829200292802796155
26675359593755739595357662
733367763337
11
000256461875572275578164652000
32755862537577573526855723
7997
7371683219669123861737
202921548845129202
6776
426624
00
28402719523511532591720482
01071305877850317010
792221122297
966803543345308669
0585009339005850
325738798719917897837523
3763773673
99
18928885330000003358882981
865272326623272568
84179871688617897148
422224
76567144176567
53629233292635
5851230880321585
595284887136631136631788482595
68013363299236331086
19891481011018419891
0147662772667410
589950883596695388059985
4666006664
44
26500562
243993043167075570761340399342
665187651177744447771156781566
634866214412668436
85638233283658
8783987997893878
68776298088089267786
203064125521460302
8109559018
8749865104327667234015689478
100948567316613765849001
9711962994664992691179
9602379518148228418159732069
2552
406189313452714417254313981604
7448403122222213048447
4719901661099174
638399422224993836
1749091635224224225361909471
1130601235345225435321060311
02415655651420
66699666
07688670
625698440418814044896526
4937113290165335610923117394
78511587
1663592936666392953661
0996005272552725006990
502752029946649920257205
89262044424533542444026298
55
15789151701799710715198751
8998
18255281
383024905163006600361509420383
1613546348668436453161
50366305
744873836270072638378447
581185
87211278
88980366308988
898644446898
25433452
836638
312213
68952577525986
207702
6116
3938367814854334584187638393
490791580085197094
1135766953299889923596675311
221657144932120021239441756122
6066591975331111335791956606
7472882747
8448
48455711255211755484
5796666975
3379305005039733
1991
02477420
812218
55
381183
970403304079
2112
59158230544503285195
78764699646787
51247288566588274215
801944506605449108
112040506605040211
532153036630351235
159951
95692429452699625492429659
21516558228833882285561512
38558855885583
62706548666622666684560726
406666256652666604
998206515388883515602899
09894458858244285885449890
969829008800928969
87059366395078
82649518855881594628
0303918642788228872468193030
5008290762122772212670928005
22809424778300387742490822
1147227411
53380923569155196532908335
8668
37540333304573
279075710169961017570972
22420066811866002422
153351
5366597129889217956635
884488
619390140073370041093916
7567601771067657
678014686686410876
35006177160053
55957910272300327201975955
917207081356680086653180702719
0660
5496996945
411057454856303303658454750114
312557075217712570755213
0334368393954884593938634330
5603569999653065
88
951712097790273372097790217159
683713317386
2830925445290382
381183
1002332001
998899
721885145839270072938541588127
994601106499
06144160
358410658693956659396856014853
586291025520192685
8406693781022112201873966048
849205502948
22
83866838
578456503933472274339305654875
2491046116401942
4371111734
07863471588517436870
865568
11649944994611
66
0660
0430923538570330758353290340
740047
285669585943171171349585966582
18268703055644655030786281
9307215885127039
69099096
0273627227263720
069960
63033036
9661472016873443786102741669
489460064984
711254301103452117
2662
3415945225495143
06366360
29782939199193928792
4995004664005994
8664261670660761624668
8998
1438628216226128268341
578875
7777157902872222782097517777
99083869530666603596838099
561165
34366222266343
68817555571886
355107701553
995599
775108818798897818801577
810514306604406603415018
528825
01206155160210
6849872521917887191252789486
450054
626626
364975644347743446579463
81466418
493443771462264177344394
4068644665665664468604
0919267707952222597077629190
6960367958392882938597630696
005943349500
93755944955739
8507899270990729987058
2147007412
0596441900220091446950
2321111232
81484961559722795516948418
4631111364
527376675441144576673725
2870038558300782
42722600848988984800622724
920029
5708754783993874578075
82017113911931171028
55
6216063398008933606126
23296789044098769232
6339525736776375259336
702528511115825207
73530213168511586131203537
63744736
22
7857337587
4004
858933817718339858
42059199195024
2222
51033015
78466487
1580762002670851
6996
29631387877878313692
2886032992306882
77
66
589985
455982289554
454504405454
1463531900880091353641
61008810199101880016
105906254452609501
86500163133136100568
930039
1840637007360481
00
7227
00
87291956163100136165919278
37834513433431543873
927236893124421398632729
557333046766667640333755
743794497347
5085184720147997410274815805
72792966929727
244600887972279788006442
3385151331515833
934379063772040040277360973439
66
145754457541
4979765061111605679794
4436805974437777344795086344
7305711661175037
78604331800813340687
84932899823948
36422463
9449
89537277273598
7561808242239779322428081657
089646646980
3442757304004037572443
154615516451
2801938505133003315058391082
55
9176446719
8008
08140476444467404180
4032961991692304
77
55300355
1550729752864224682579270551
1102002011
69848422484896
134431
38579922997583
554630565812042240218565036455
2947346556437492
5555
089310342346364463643243013980
8306666038
02899033099820
40270343977934307204
01188110
99
272892724427298272
30704985270911907258940703
7777
86280320244202308268
1209210176877117786710129021
00
30929084111148092903
5081111805
770165416614561077
1712662171
935315289982513539
5058605983443895068505
4191137777311914
042552910019255240
3942924224292493
43433434
909132943349231909
1472654897151331517984562741
809804408908
4270656776560724
20694188149602
21138004766740083112
59399395
2617938255335528397162
811118
44
49622694
1826914731826006281374196281
8522992258
484824292221122292428484
802048840208
886979293392979688
94275293024933942039257249
1947007491
64268166186246
06475259076966967095257460
0470316686446866130740
712217
904409
0163713113173610
4637778114884118777364
11
7713142662413177
4447760440677444
688700672783036630387276007886
11
925878172221122271878529
351586685153
3741661473
5666511881156665
6886
63605003233230050636
0328338230
390534769104164461401967435093
875578
20421176517833871567112402
0103497447943010
11
14528613969200296931682541
8338
8490980660890948
98165864330577503346856189
66
28522582
97322379
0432826756536446356576282340
55
8558
14160818099566599081806141
01297587641233214678579210
5024994205
8190429087667809240918
44
936639
666792586645489984546685297666
0208998020
679461388061160883164976
525941149525
33
9119
18894483948655684938449881
787933493394339787
154779475006898898600574977451
66
44
610016
36244263
88
1111
6919083046750990576403809196
145366158640046851663541
49566594
179429255431627726134552924971
10899801
33
99740486518633681568404799
64877846
2882
42253833835224
409904
8960743165544444455613470698
5742193159009513912475
4948448494
26795219749422494791259762
44
260178874294492478871062
1281577879227227229787751821
38818845733754881883
6485590393993930955846
6508888056
226165561622
4338930444554440398334
72544300205266250200344527
7957887597
41035666653014
63459343911934395436
6996
951817718159
53691889944998819635
933663666666366339
408604193087750057780391406804
39359017811871095393
34401465745522554756410443
000108705414635536414507801000
0022833585879559785853382200
39611237133733733173211693
84445462100126454448
221366994659495594956499663122
27333372
634155551436
110597795011
611545545116
740047
41183120596277269502138114
44556636588563665544
9119
2712546964114696452172
0811656252572772752526561180
690955658856559096
775628674343343476826577
6666
5462834502112054382645
5751812873883782181575
368986913499706607994319689863
75533557
072271558366729927663855172270
62992248798177189784229926
33
2690770962
99
7887
976532235679
9407847417227147487049
8953136990550996313598
178322806376502205673608223871
244517872144977779441278715442
97017522571079
02435227444472253420
4034809380660839084304
7782992877
8045660092081771802900665408
007517715700
21828161066016182812
4334
61855816
128837934130613316031439738821
984623949949326489
23096139154977945193169032
4235103333015324
49921928388382912994
08433480
84492438198299289183429448
78905466450987
88
79072331964411446913327097
8542737447372458
8888
1111
81600618
984511115489
41827666672814
812253025008526625800520352218
3883
2772
54544545
33
198302515515203891
87616533023500532033561678
40849355394804
3312912992192133
8712222178
3988368347772442777438638893
003217712300
393389405653012210356504983393
0427624994267240
44
746647
99
564369499994963465
793431735016658856610537134397
566098140041890665
719132426659956624231917
5927459759129779219579547295
55
4552392992932554
69615122151696
33
743679436156283382651634976347
5275957528338257595725
4841233993321484
489831093390138984
36076308955980367063
1441
912730043340037219
3734334373
34788743
6410605371741001471735060146
23755201799710255732
1551
8844163984994893614488
8857887588
9148882473443742888419
6367362992637636
66
49656541655614565694
28897368522586379882
4876560777754334577770656784
49015414614177141641451094
7806540880456087
309565572930039275565903
6886
9449
09691932117088071123919690
14288455593833839555488241
8149009418
1468878871221788788641
7214428728987997898278244127
354784636394493636487453
66046945977954964066
332907995776514415677599709233
521273348843372125
221094490122
3530575335750353
041140
31211213
66555566
76077477477067
0193760376886730673910
1198783003878911
1661
6731829137887319281376
093390
11344311
783250493394052387
64324299242346
251163105286682501361152
55
7466996647
9616275117667115726169
5855020706446070205585
50325099052305
688507825377316613773528705886
1908525907117095258091
8448
6367025067337605207636
11
44637605255250673644
1502112221111222112051
55779497633679497755
43900733700934
287304403782
616616
7337
0797117970
3891362293883922631983
562694496265
46244264
852319491194913258
91215110248188184201151219
4222332224
75888857
77
9860320531331350230689
9497927171290000921717297949
240865540486684045568042
14155141
564049940465
458326213240042312623854
340547065877778560745043
4540224951060770601594220454
61094640477404649016
694153653356351496
13703712011021730731
0770
92785988839466493888958729
1224241001424221
513893135419914531398315
4528666595876446785956668254
51903878977987830915
45557413388331475554
30693640955904639603
980169651156961089
59048304822840384095
600200145783387541002006
3603573223753063
021516133331615120
99
821706886235532688607128
11549011094511
5574225465555645224755
7285919229195827
7777
50199105
330981189033
81848897037777773079884818
40781452436300363425418704
3650645555460563
788887
30122103
59536129000092163595
17255687715044051778655271
14523299232541
701515159237855558732951515107
48950177105984
78157375222257375187
4004
111111
46222264
9972442799
781331976710848848017679133187
531135
460875905821616616128509578064
39043821199112834093
40975630822188122803657904
67293232708077080723239276
878031260550322223055062130878
80501775247077074257710508
11
412154036001100630451214
821298833338892128
3112136786077227706876312113
00
191630036191
99
645953275259112211952572359546
567297935390760067093539792765
2041704378330880338734071402
86642422366322424668
00
626626
061455266440044662554160
4453831991383544
99646489233466433298464699
219602363973379363206912
562265
10530412066021403501
395593
9961766247001771007426671699
93838584255248583839
7929717459960550699547179297
073921442244129370
34132288223143
003399091190993300
399566798897665993
66
9637880379418558149730887369
471693898898396174
41712341023688632014321714
143239076902455554209670932341
3663
5694304664034965
0216446120
347743
70113033031107
6226
398893
4351399119931534
2332
408393823744866668447328393804
8633036776303368
0770
855558
9501188998811059
00
4470815136426556246315180744
3003
45232799723254
33
8283090440903828
74176258577585267147
60681226957222275962218606
8450440548
269962
4004
99
6036987026125335216207896306
4787274004727874
9279447101331017449729
6504049066006609404056
782287
3512209669022153
48618194444449181684
8689851021551201589868
46300899800364
6434359184664819534346
6226
872740047278
22498626256466465262689422
66
447028310994499013820744
07046543977934564070
4004
5005
396719738506785587605837917693
7584876758013003108576784857
4991144764224674411994
6226
722782119356653911287227
915147832217712238741519
32333323
8558
29461254823133132845216492
337733
8985995898
22
373994499373
298047461164740892
44
4358972944994492798534
9889
87982988928978
043883087780388340
78295326022062359287
997585219023320912585799
82372999927328
6539834884389356
3976134497997944316793
083435011110534380
71318175374677647357181317
8668
5885
9220000229
96183762999926738169
5120702552070215
7007
9061801721613003161271081609
316581185613
2411468194429449244918641142
893278158995990099599851872398
541761323396693323167145
600582021626399993626120285006
1312786326666236872131
27270547397822879374507272
0891990813993180991980
521406926487750057784629604125
0646306446336446036460
21171733197544579133717112
793944449397
90625800852609
6348394554938436
6479449746
29322392
193206602391
66
4219229124
42362244226324
889988
559648447744846955
746406917265765567562719604647
63413141195477459114131436
6226
7424633836116383364247
453262024525525420262354
74061905799833899750916047
6556
4770000774
015510
103192405504291301
30765044056703
8325295436556345925238
0181376318558136731810
888436797186681797634888
937739
27587900380699608300978572
0493031931816666181391303940
587785
4028322002238204
895807861534596695435168708598
3753173113713573
536806960699342243996069608635
176152251671
80389553566535598308
927842020668731137866020248729
222268924429862222
4569145071064444601705419654
81582100128518
1974897557984791
0323773230
0990
188797797881
39547988974593
063360
2087405115047802
67040333304076
4919249009429194
678855841148558876
9999
77
162139669263332233362966931261
9199294458558544929919
564121121465
97953973184700748137935979
6675665766
5941579917309559037199751495
81009984398677689348990018
73281426825555552862418237
559657877778756955
2774291132002311924772
9009
601248011077770110842106
1684551331554861
8558
99966999
0500067635136556315367600050
5454047879274664729787404545
8448
2319274004729132
11264644646211
2772
839938
99
6792539644955775594469352976
1771
9345672772765439
8678914224198768
893398
0612994193680550863914992160
365138697796831563
189873378981
6462186079677997769706812646
3860054155188118815514500683
8316437887346138
8269792084326556234802979628
2718236167997616328172
054199991450
39577593
929389048756657840983929
113640764899964469998467046311
4497150625005260517944
5025878591441958785205
